Eigvals	6
0.003336004628809523	0.00023520356956814798	9.681782067339697e-05	1.3703990544101746e-05	0.0	0.0

Proportion explained	6
0.9060970305034232	0.06388398088810704	0.026296827964319612	0.0037221606441501637	0.0	0.0

Species	0	0

Site	6	6
LSFkvassX	-0.01696565078731388	-2.4344857431480613e-05	0.004319061855000479	0.0027103325747485437	0.0	0.0
LSFkvassY	-0.012726926392249316	-0.009190034337293911	-0.0012759214375495551	-0.0004574410529686945	0.0	0.0
LSGFkvassX	-0.019979595305503004	0.010910504217668482	-0.003975261608969732	-0.00032287128131650814	0.0	0.0
SDX	0.043747101394484095	0.003688173559876929	0.0033343347272720945	-0.00027241163374535087	0.0	0.0
SDY	0.019630623679110275	-0.004035500263681915	-0.006034829038671621	0.0006872017079063981	0.0	0.0
STDkvassX	-0.01370555258852817	-0.0013487983191381018	0.0036326155029183585	-0.0023448103146244733	0.0	0.0

Biplot	0	0

Site constraints	0	0
