Eigvals	6
0.21442436449794158	0.015739372827235996	0.0036349017962907524	0.0	0.0	0.0

Proportion explained	6
0.917132645868563	0.0673202071935873	0.015547146937849652	0.0	0.0	0.0

Species	0	0

Site	6	6
LSFkvassX	0.2529662254947575	-0.029579508919517807	0.0028203193935609273	-0.0	0.0	0.0
LSFkvassY	-0.20420539028836876	-0.08222016490541723	-0.0021285381229319005	-0.0	0.0	0.0
LSGFkvassX	0.22364819339364553	0.031573516395200146	-0.0255701098439915	-0.0	0.0	0.0
SDX	-0.13635435342859922	0.07808992916731139	0.028145670683925907	-0.0	0.0	0.0
SDY	-0.1922572663647297	0.02350763564720984	-0.034581128182902265	-0.0	0.0	0.0
STDkvassX	0.05620259119329462	-0.021371407384786368	0.03131378607233832	-0.0	0.0	0.0

Biplot	0	0

Site constraints	0	0
