Eigvals	6
0.7000367734848754	0.47576942962888347	0.36071116780123375	0.2826799687460745	0.23627777165652636	0.0

Proportion explained	6
0.3405717586315799	0.2314644565673711	0.17548797638810226	0.1375253668553894	0.11495044155755715	0.0

Species	0	0

Site	6	6
LSFkvassX	-0.3447708549352952	-0.054278226963936735	-0.05871525203856233	0.4149488173993555	0.09559302147154328	-0.0
LSFkvassY	-0.3523503505079294	-0.051118852552290706	0.06317682699756257	-0.303696534474059	0.272012263333591	-0.0
LSGFkvassX	0.23919957637544337	0.597005796692603	-0.008711562429247834	0.0059678788999604155	0.02242136101755952	-0.0
SDX	0.4009402475135735	-0.25071023757894323	-0.40761441562419265	-0.04992000744732898	0.02255124298002292	-0.0
SDY	0.3730382950588995	-0.2251454273430457	0.4320193850594896	0.04842788733758914	-0.023221277479633713	-0.0
STDkvassX	-0.31605691350469234	-0.015753052254386567	-0.02015498196504878	-0.11572804171552031	-0.3893566113230834	-0.0

Biplot	0	0

Site constraints	0	0
