Eigvals	6
0.2381704284415004	0.003702272759193752	0.0	0.0	0.0	0.0

Proportion explained	6
0.9846933004807278	0.015306699519272276	0.0	0.0	0.0	0.0

Species	0	0

Site	6	6
LSFkvassX	-0.11609714670066526	0.053625629851461805	0.0	0.0	-0.0	0.0
LSFkvassY	-0.08213619923321415	-0.014270721690290847	0.0	-0.0	-0.0	-0.0
LSGFkvassX	-0.08213620116320654	-0.014270664341241853	-0.0	-0.0	-0.0	0.0
SDX	-0.08213619923321414	-0.014270721690290596	-0.0	0.0	-0.0	-0.0
SDY	-0.08213619923321414	-0.014270721690290596	-0.0	-0.0	-0.0	-0.0
STDkvassX	0.44464194556351416	0.003457199560651701	-0.0	0.0	-0.0	0.0

Biplot	0	0

Site constraints	0	0
