Eigvals	6
0.5204455969963748	0.37373741285984763	0.21839542867791042	0.13327590827321098	0.07207199661744487	0.0

Proportion explained	6
0.39489733215585854	0.2835798940695323	0.16571140698985035	0.10112546041600297	0.05468590636875594	0.0

Species	0	0

Site	6	6
LSFkvassX	0.2951998617610421	-0.07179227493493523	-0.09703311267706052	0.19342578537008234	0.15381487491338858	-0.0
LSFkvassY	0.33526624120500803	0.03206800791815799	0.20693869921556074	-0.23107331694923774	0.03590703319175886	-0.0
LSGFkvassX	-0.3197516206886735	0.42389598081596713	0.14672823861365838	0.0838305160096922	0.01857963002294826	-0.0
SDX	-0.34212634167946165	-0.4320367725483859	0.14921006881712373	0.025610623305496325	-0.012406073672589786	-0.0
SDY	-0.20914324314750127	0.02966915195181102	-0.3443590791493075	-0.16279612523111517	0.019178345200185867	-0.0
STDkvassX	0.24055510254958584	0.018195906797384805	-0.061484814819974254	0.09100251749508217	-0.2150738096556914	-0.0

Biplot	0	0

Site constraints	0	0
